[gd_scene load_steps=5 format=2]

[ext_resource path="res://Visual Shaders/TextureGlow/MeshInstance.gd" type="Script" id=1]
[ext_resource path="res://Visual Shaders/TextureGlow/TextureGlow.material" type="Material" id=2]
[ext_resource path="res://Visual Shaders/TextureGlow/HDR.tres" type="Environment" id=6]

[sub_resource type="SphereMesh" id=1]
material = ExtResource( 2 )

[node name="TextureGlow" type="Spatial"]

[node name="MeshInstance" type="MeshInstance" parent="."]
transform = Transform( 0.999997, 0.00231979, 0.000594012, -0.00232026, 0.999997, 0.000800907, -0.000592169, -0.00080227, 1, 0, 0, 0 )
mesh = SubResource( 1 )
material/0 = ExtResource( 2 )
script = ExtResource( 1 )

[node name="WorldEnvironment" type="WorldEnvironment" parent="."]
environment = ExtResource( 6 )

[node name="DirectionalLight" type="DirectionalLight" parent="."]
transform = Transform( -0.125975, -0.144548, 0.981446, -0.90004, -0.399412, -0.174352, 0.417204, -0.905304, -0.0797825, 5.93542, 0, 1.77622 )
light_energy = 0.35

[node name="Camera" type="Camera" parent="."]
transform = Transform( 1, 0, 0, 0, 0.945772, 0.32483, 0, -0.32483, 0.945772, 0, 0.998589, 2.35564 )
fov = 92.8479
